S1 697.46 697.05 700.13 699.89 700.08 703.1 701.6 702.92 704.2 698.23
S2 464.61 465.92 464.52 466.19 465.19 465.23 463.57 464.47 462.77 464.36
S3 123.45 124.21 122.78 123.56 124.02 123.89 124.47 124.65 123.98 122.32
S4 876.54 875.12 874.36 877.94 876.11 875.67 878.44 877.09 876.77 874.92
S5 347.65 346.99 348.12 346.56 347.88 346.47 348.03 348.29 347.66 347.23
S6 892.34 893.21 891.76 892.87 893.56 892.68 894.12 893.44 891.98 892.33
S7 564.23 563.78 565.34 564.02 564.89 563.45 565.11 563.76 564.92 563.31
S8 761.45 760.89 759.34 761.67 760.23 761.02 759.87 761.56 760.44 759.76
S9 481.56 480.45 482.67 481.23 482.34 480.89 482.21 481.67 482.02 480.33
S10 215.67 214.89 215.34 216.02 214.56 215.12 216.23 215.87 214.78 215.45
S11 694.32 693.45 692.67 694.89 693.12 694.56 692.89 694.78 693.23 692.45
S12 123.56 124.23 122.89 123.67 124.45 123.12 124.02 124.56 123.98 122.67
S13 982.34 983.21 981.76 982.87 983.56 982.68 984.12 983.44 981.98 982.33
S14 475.61 476.92 474.52 476.19 475.19 475.23 473.57 474.47 472.77 474.36
S15 627.45 628.21 626.78 627.56 628.02 627.89 628.47 628.65 627.98 626.32
S16 319.54 318.12 317.36 320.94 319.11 318.67 321.44 320.09 319.77 317.92
S17 783.65 782.99 784.12 782.56 783.88 782.47 784.03 784.29 783.66 783.23
S18 643.34 644.21 642.76 643.87 644.56 643.68 645.12 644.44 642.98 643.33
S19 502.23 501.78 503.34 502.02 502.89 501.45 503.11 501.76 502.92 501.31
S20 416.45 415.89 414.34 416.67 415.23 416.02 414.87 416.56 415.44 414.76
S21 791.23 792.56 790.12 791.34 792.78 791.45 793.12 792.34 791.78 790.67
S22 589.76 588.45 587.34 589.23 588.89 587.56 589.44 588.12 587.78 586.67
S23 322.54 321.89 320.34 322.67 321.23 322.02 320.87 322.56 321.44 320.76
S24 475.23 474.78 476.34 475.02 475.89 474.45 476.11 474.76 475.92 474.31
S25 684.45 683.89 682.34 684.67 683.23 684.02 682.87 684.56 683.44 682.76
S26 789.34 788.21 787.76 789.87 788.56 789.68 787.12 788.44 787.98 788.33
S27 410.23 409.78 411.34 410.02 410.89 409.45 411.11 409.76 410.92 409.31
S28 630.45 629.89 628.34 630.67 629.23 630.02 628.87 630.56 629.44 628.76
S29 543.76 542.45 541.34 543.23 542.89 541.56 543.44 542.12 541.78 540.67
S30 351.67 350.89 352.34 351.02 351.56 350.12 352.23 351.87 350.78 351.45
S31 249.56 248.45 250.67 249.23 250.34 248.89 250.21 249.67 250.02 248.33
S32 418.67 417.89 419.34 418.02 418.56 417.12 419.23 418.87 417.78 418.45
S33 679.32 678.45 677.67 679.89 678.12 679.56 677.89 679.78 678.23 677.45
S34 543.56 544.23 542.89 543.67 544.45 543.12 544.02 544.56 543.98 542.67
S35 783.34 782.21 784.76 783.87 782.56 783.68 784.12 782.44 783.98 784.33
S36 612.23 611.78 613.34 612.02 612.89 611.45 613.11 611.76 612.92 611.31
S37 479.45 478.89 477.34 479.67 478.23 479.02 477.87 479.56 478.44 477.76
S38 812.76 811.45 810.34 812.23 811.89 810.56 812.44 811.12 810.78 809.67
S39 293.67 292.89 294.34 293.02 293.56 292.12 294.23 293.87 292.78 293.45
S40 369.32 370.45 368.67 369.89 370.12 369.56 370.89 369.78 370.23 368.45